001010010000
111111001000
001111110101
000111011011
111010001101
001001000001
000000101000
000100000000
110111011011
001010101110
110111111111
111001110111
001010010110
111110110000
001111100111
000001010110
001100011111
101111001010
010010110010
101100000011
000100101111
001011100011
110101001111
000111101100
111110111001
110100101010
111011010101
000111101010
110010010001
001000110110
101111001001
010010000111
101110111111
111110011011
001101011011
000011010001
111100000010
111001011110
001111101011
110001011101
010000111110
101011001111
001100011110
000011110100
000010000010
000010000001
000101011101
000101111000
111100101100
000010100100
000011010110
111001000001
000111110101
111010111011
111001100110
111101100100
001101011001
110000111110
001011111100
110011110101
110111111111
010001111100
101101010011
001010111101
000001000000
101111011011
111100001101
110101010110
000011011100
001010100101
101011111001
011000100100
111100111011
001101100110
001010101011
101100101100
001011001010
000000011111
001101101001
111000010011
111010011111
110100011001
001001001000
101010100111
000111001110
001010111101
110001111110
000110000010
000010011110
110010111101
111000001111
111001100100
110110101000
111010010000
000101110100
110100110000
010000101100
111010101000
001101001010
110111111011
000001100111
000101011100
101110011010
000110010001
111101010110
001001010100
110000111100
000111000100
000000011111
111000000001
111100111100
111100010101
000100000110
111100100100
111100100001
110111100101
111110100111
110111101100
111001111000
001001000011
111111101010
110111010000
001000111111
000011011100
001000111010
111111100011
111011001110
000001100111
111111101111
110110101111
000010000100
000010100000
110100001100
000111011000
111000100000
111110001111
110010100100
001100010000
111111000001
111011001110
001110011000
000001000010
111011100110
111101111011
001001001010
111010111010
111001011011
001101001100
101011110001
000000010111
001011001100
111011100100
110011011001
001000011101
111010001010
001010000100
101110100000
010101101011
000010010100
001010011110
111110100111
111100100101
110101000101
110101110000
001010010111
101101100011
000010011011
111100011001
110011110100
001000111101
000010110111
001110000000
101111110111
010111011000
110010101010
001000010001
101110011010
010100110000
111011100110
000001001011
110110101001
111110110001
000101010000
000100110011
000001101101
001100111010
110111101001
110111100101
010100010010
101101101100
001110001000
000110110110
110110011001
110111101010
001011011111
111110101000
001010000010
101111110001
010100111010
100110111001
010010011000
101010111001
010001101110
111110111011
111100000010
001100101110
000001110111
110110010011
001110111101
111000101011
110110111010
010100011100
110010001110
111101011000
001011001011
111110010010
110010111111
111011110000
111110010111
110010110010
111001111110
111100111010
001101010000
110000001000
001011000111
001010011001
101100000101
001000010101
110000010111
001100001101
111101001110
111111001000
111111000001
111001010100
010000111010
111111011101
000110110110
001000011101
001000010001
001010101100
000101011011
111000011100
111001110100
000111001010
000100011111
000110010110
000011101110
111011001001
001011101100
001000000110